 XSCoef[1][1][0][0]=(-1.3333333333333333*x1)/((-1. + x2)*(1. + x2)*pow(x1 + x2,3)) - (2.6666666666666667*x2)/((-1. + x2)*(1. + x2)*pow(x1 + x2,3)) - (1.3333333333333333*x12*x2)/((-1. + x2)*(1. + x2)*pow(x1 + x2,3)) - (2.6666666666666667*x22)/(x1*(-1. + x2)*(1. + x2)*pow(x1 + x2,3)) - (1.3333333333333333*x13*x22)/((-1. + x2)*(1. + x2)*pow(x1 + x2,3)) - (2.6666666666666667*x23)/((-1. + x2)*(1. + x2)*pow(x1 + x2,3)) + (2.6666666666666667*x12*x23)/((-1. + x2)*(1. + x2)*pow(x1 + x2,3)) - (1.3333333333333333*x14*x23)/((-1. + x2)*(1. + x2)*pow(x1 + x2,3));
 XSCoef[1][1][0][2]=-0.92419624074659375 + 1.3333333333333333*Lmx11 - 1.3333333333333333*Lx11 + 0.92419624074659375/x1 - (1.3333333333333333*Lmx11)/x1 + (1.3333333333333333*Lx11)/x1 + 0.46209812037329687*x1 - 0.66666666666666667*Lmx11*x1 + 0.66666666666666667*Lx11*x1 - 1.3333333333333333/(-1. + x2) + 1.3333333333333333/(x1*(-1. + x2)) + (0.66666666666666667*x1*x2)/(-1. + x2);
 XSCoef[1][1][1][2]=-1.3333333333333333 + 1.3333333333333333/x1 + 0.66666666666666667*x1;
