 XSCoef[2][1][1][0]=(2.*Lmx11*(2. - 2.*x1 + x12))/(x1*(-1. + x2)) - (4.8888888888888889*Lx11*(2. - 2.*x1 + x12))/(x1*(-1. + x2)) - (6.*Lx21*(2. - 2.*x1 + x12))/(x1*(-1. + x2)) + (0.44444444444444444*LogNNLO2*(9. + 7.*x1 + 10.*x12))/(x1*(-1. + x2)) - (0.11111111111111111*(-114.04670149984197 + 101.04670149984197*x1 + 14.476649250079016*x12 + 12.*x13))/(x1*(-1. + x2));
 XSCoef[2][1][1][2]=0.11111111111111111*pow(LogNNLO2,2)*(14. + 11.*x1) - (0.27777777777777778*GNNLO4*(2. - 2.*x1 + x12))/x1 - (0.44444444444444444*pow(Lmx11,2)*(2. - 2.*x1 + x12))/x1 - (0.88888888888888889*Lmx11*Lx11*(2. - 2.*x1 + x12))/x1 + (1.8888888888888889*pow(Lx11,2)*(2. - 2.*x1 + x12))/x1 - (0.055555555555555556*GNNLO2*(-26. + 18.*x1 + 9.*x12))/x1 - (0.44444444444444444*GNNLO5*(-4. + 18.*x1 + 9.*x12))/x1 + (0.22222222222222222*Lmx11*LogNNLO2*(26. + 10.*x1 + 13.*x12))/x1 - (0.22222222222222222*LogNNLO2*Lx11*(18. + 10.*x1 + 31.*x12))/x1 + (6.*Lx21*(2. - 2.*x1 + x12))/(x1*(-1. + x2)) - (0.11111111111111111*Lmx11*(18.090354888959125 - 149.09035488895912*x1 + 23.545177444479562*x12 - 12.*x13 + 17.909645111040875*x2 + 113.09035488895912*x1*x2 - 5.5451774444795625*x12*x2 + 12.*x13*x2))/(x1*(-1. + x2)) + (0.11111111111111111*Lx11*(180.04670149984197 - 167.04670149984197*x1 + 18.523350749920984*x12 - 12.*x13 - 92.046701499841969*x2 + 79.046701499841969*x1*x2 + 25.476649250079016*x12*x2 + 12.*x13*x2))/(x1*(-1. + x2)) - (0.11111111111111111*LogNNLO2*(11.046701499841969 - 179.40812105567847*x1 - 42.725887222397812*x12 - 24.*x13 + 24.953298500158031*x2 + 207.40812105567847*x1*x2 + 82.725887222397812*x12*x2 + 24.*x13*x2))/(x1*(-1. + x2)) + (0.018518518518518519*(-660.39098093510372 + 149.05571461934414*x1 - 150.45733417081956*x12 - 241.90659700031606*x13 - 23.889228063948098*x2 + 457.22449437970768*x1*x2 + 237.31722967129365*x12*x2 + 313.90659700031606*x13*x2))/(x1*(-1. + x2));
 XSCoef[2][1][2][0]=(-2.*(2. - 2.*x1 + x12))/(x1*(-1. + x2));
 XSCoef[2][1][2][2]=(1.4444444444444444*Lx11*(2. - 2.*x1 + x12))/x1 - (0.22222222222222222*LogNNLO2*(9. + 7.*x1 + 10.*x12))/x1 + (0.055555555555555556*(211. - 198.*x1 + 52.*x12 - 12.*x13 - 139.*x2 + 126.*x1*x2 - 16.*x12*x2 + 12.*x13*x2))/(x1*(-1. + x2));
