 XSCoef[1][2][0][0]=(-2.6666666666666667*x1)/((-1. + x1)*(1. + x1)*pow(x1 + x2,3)) - (2.6666666666666667*x13)/((-1. + x1)*(1. + x1)*pow(x1 + x2,3)) - (2.6666666666666667*x12)/((-1. + x1)*(1. + x1)*x2*pow(x1 + x2,3)) - (1.3333333333333333*x2)/((-1. + x1)*(1. + x1)*pow(x1 + x2,3)) - (1.3333333333333333*x1*x22)/((-1. + x1)*(1. + x1)*pow(x1 + x2,3)) + (2.6666666666666667*x13*x22)/((-1. + x1)*(1. + x1)*pow(x1 + x2,3)) - (1.3333333333333333*x12*x23)/((-1. + x1)*(1. + x1)*pow(x1 + x2,3)) - (1.3333333333333333*x13*x24)/((-1. + x1)*(1. + x1)*pow(x1 + x2,3));
 XSCoef[1][2][0][1]=-0.92419624074659375 + 1.3333333333333333*Lmx21 - 1.3333333333333333*Lx21 - 1.3333333333333333/(-1. + x1) + 0.92419624074659375/x2 - (1.3333333333333333*Lmx21)/x2 + (1.3333333333333333*Lx21)/x2 + 1.3333333333333333/((-1. + x1)*x2) + 0.46209812037329687*x2 - 0.66666666666666667*Lmx21*x2 + 0.66666666666666667*Lx21*x2 + (0.66666666666666667*x1*x2)/(-1. + x1);
 XSCoef[1][2][1][1]=-1.3333333333333333 + 1.3333333333333333/x2 + 0.66666666666666667*x2;
