 XSCoef[1][0][0][0]=(12.*x12)/((-1. + x1)*(1. + x1)*(-1. + x2)*(1. + x2)*pow(x1 + x2,4)) + (6.*x14)/((-1. + x1)*(1. + x1)*(-1. + x2)*(1. + x2)*pow(x1 + x2,4)) + (6.*x13)/((-1. + x1)*(1. + x1)*(-1. + x2)*x2*(1. + x2)*pow(x1 + x2,4)) + (18.*x1*x2)/((-1. + x1)*(1. + x1)*(-1. + x2)*(1. + x2)*pow(x1 + x2,4)) + (12.*x22)/((-1. + x1)*(1. + x1)*(-1. + x2)*(1. + x2)*pow(x1 + x2,4)) + (18.*x12*x22)/((-1. + x1)*(1. + x1)*(-1. + x2)*(1. + x2)*pow(x1 + x2,4)) - (12.*x14*x22)/((-1. + x1)*(1. + x1)*(-1. + x2)*(1. + x2)*pow(x1 + x2,4)) + (6.*x23)/((-1. + x1)*x1*(1. + x1)*(-1. + x2)*(1. + x2)*pow(x1 + x2,4)) + (36.*x13*x23)/((-1. + x1)*(1. + x1)*(-1. + x2)*(1. + x2)*pow(x1 + x2,4)) - (12.*x15*x23)/((-1. + x1)*(1. + x1)*(-1. + x2)*(1. + x2)*pow(x1 + x2,4)) + (6.*x17*x23)/((-1. + x1)*(1. + x1)*(-1. + x2)*(1. + x2)*pow(x1 + x2,4)) + (6.*x24)/((-1. + x1)*(1. + x1)*(-1. + x2)*(1. + x2)*pow(x1 + x2,4)) - (12.*x12*x24)/((-1. + x1)*(1. + x1)*(-1. + x2)*(1. + x2)*pow(x1 + x2,4)) + (36.*x14*x24)/((-1. + x1)*(1. + x1)*(-1. + x2)*(1. + x2)*pow(x1 + x2,4)) + (6.*x18*x24)/((-1. + x1)*(1. + x1)*(-1. + x2)*(1. + x2)*pow(x1 + x2,4)) - (12.*x13*x25)/((-1. + x1)*(1. + x1)*(-1. + x2)*(1. + x2)*pow(x1 + x2,4)) + (18.*x15*x25)/((-1. + x1)*(1. + x1)*(-1. + x2)*(1. + x2)*pow(x1 + x2,4)) + (12.*x17*x25)/((-1. + x1)*(1. + x1)*(-1. + x2)*(1. + x2)*pow(x1 + x2,4)) + (18.*x16*x26)/((-1. + x1)*(1. + x1)*(-1. + x2)*(1. + x2)*pow(x1 + x2,4)) + (6.*x13*x27)/((-1. + x1)*(1. + x1)*(-1. + x2)*(1. + x2)*pow(x1 + x2,4)) + (12.*x15*x27)/((-1. + x1)*(1. + x1)*(-1. + x2)*(1. + x2)*pow(x1 + x2,4)) + (6.*x14*x28)/((-1. + x1)*(1. + x1)*(-1. + x2)*(1. + x2)*pow(x1 + x2,4));
 XSCoef[1][0][0][1]=4.1588830833596719/(-1. + x2) - (6.*Lmx21)/(-1. + x2) + (6.*Lx21)/(-1. + x2) + 6./((-1. + x1)*(-1. + x2)) - 2.0794415416798359/((-1. + x2)*x2) + (3.*Lmx21)/((-1. + x2)*x2) - (3.*Lx21)/((-1. + x2)*x2) - 3./((-1. + x1)*(-1. + x2)*x2) - (6.2383246250395078*x2)/(-1. + x2) + (9.*Lmx21*x2)/(-1. + x2) - (9.*Lx21*x2)/(-1. + x2) - (9.*x2)/((-1. + x1)*(-1. + x2)) + (4.1588830833596719*x22)/(-1. + x2) - (6.*Lmx21*x22)/(-1. + x2) + (6.*Lx21*x22)/(-1. + x2) + (6.*x22)/((-1. + x1)*(-1. + x2)) - (2.0794415416798359*x23)/(-1. + x2) + (3.*Lmx21*x23)/(-1. + x2) - (3.*Lx21*x23)/(-1. + x2) - (3.*x23)/((-1. + x1)*(-1. + x2));
 XSCoef[1][0][0][2]=4.1588830833596719/(-1. + x1) - (6.*Lmx11)/(-1. + x1) + (6.*Lx11)/(-1. + x1) - 2.0794415416798359/((-1. + x1)*x1) + (3.*Lmx11)/((-1. + x1)*x1) - (3.*Lx11)/((-1. + x1)*x1) - (6.2383246250395078*x1)/(-1. + x1) + (9.*Lmx11*x1)/(-1. + x1) - (9.*Lx11*x1)/(-1. + x1) + (4.1588830833596719*x12)/(-1. + x1) - (6.*Lmx11*x12)/(-1. + x1) + (6.*Lx11*x12)/(-1. + x1) - (2.0794415416798359*x13)/(-1. + x1) + (3.*Lmx11*x13)/(-1. + x1) - (3.*Lx11*x13)/(-1. + x1) + 6./((-1. + x1)*(-1. + x2)) - 3./((-1. + x1)*x1*(-1. + x2)) - (9.*x1)/((-1. + x1)*(-1. + x2)) + (6.*x12)/((-1. + x1)*(-1. + x2)) - (3.*x13)/((-1. + x1)*(-1. + x2));
 XSCoef[1][0][0][3]=(3.*Lx11)/(-1. + x1) + (3.*Lx21)/(-1. + x2) + 17.804406601634038/((-1. + x1)*(-1. + x2)) - (14.804406601634038*x1)/((-1. + x1)*(-1. + x2)) - (14.804406601634038*x2)/((-1. + x1)*(-1. + x2)) + (14.804406601634038*x1*x2)/((-1. + x1)*(-1. + x2));
 XSCoef[1][0][1][1]=6./(-1. + x2) - 3./((-1. + x2)*x2) - (9.*x2)/(-1. + x2) + (6.*x22)/(-1. + x2) - (3.*x23)/(-1. + x2);
 XSCoef[1][0][1][2]=6./(-1. + x1) - 3./((-1. + x1)*x1) - (9.*x1)/(-1. + x1) + (6.*x12)/(-1. + x1) - (3.*x13)/(-1. + x1);
 XSCoef[1][0][1][3]=-6./((-1. + x1)*(-1. + x2)) + (3.*x1)/((-1. + x1)*(-1. + x2)) + (3.*x2)/((-1. + x1)*(-1. + x2));
